sequential/simple_rnn/kernel:0
(1, 80)
[[ 0.14981468 -0.14352143  0.15712847 -0.21278845  0.15370868  0.21537498
  -0.01186804  0.24826813  0.07784146 -0.18543537 -0.01854437  0.04714705
  -0.20816676 -0.19300242  0.1849215   0.18421166 -0.12889977 -0.03835555
   0.12399692  0.1639569   0.1644669  -0.09007207  0.18606095 -0.00653542
   0.06876905 -0.10251793  0.20337592 -0.01011617 -0.12749319  0.04002785
   0.1758694   0.01447496 -0.08887212 -0.19600882 -0.1272301  -0.074998
  -0.03875518  0.08794538 -0.00917054  0.01780023  0.20026878 -0.07768109
  -0.20303735  0.16925858  0.05864299 -0.14044169 -0.15029807  0.12642582
   0.0366159   0.03774284 -0.18746592  0.08994026 -0.13542257 -0.06637119
   0.22819155 -0.18340199 -0.22890727  0.21072079  0.0378377  -0.03798917
  -0.14808093  0.11969517  0.18270935 -0.12409096  0.17870364  0.20856884
   0.05408835  0.0719699  -0.0783819  -0.09919535  0.09270615  0.21901776
   0.13442996 -0.05138909  0.15365714 -0.11402783 -0.22531964 -0.11037436
  -0.17016575 -0.19673288]]
sequential/simple_rnn/recurrent_kernel:0
(80, 80)
[[-2.48195991e-01 -1.86807409e-01 -6.54988065e-02 ... -1.27462268e-01
  -6.51450083e-02  7.16194063e-02]
 [ 2.15475298e-02  8.11386332e-02 -1.43049687e-01 ... -2.06464931e-01
   5.58841750e-02  1.46374851e-01]
 [ 1.70540214e-02  1.98628128e-01 -1.86484069e-01 ...  1.68810531e-01
  -2.47272430e-03 -6.18088543e-02]
 ...
 [-4.21045162e-02  1.59165651e-01 -3.05925105e-02 ... -6.07504770e-02
   1.85302153e-04 -1.30585954e-01]
 [-3.56821753e-02 -6.66833296e-03  1.91704467e-01 ... -1.05744012e-01
   7.88597856e-03 -1.52121335e-01]
 [ 1.05704762e-01 -1.72483250e-01  1.13610916e-01 ... -6.08677268e-02
   7.95198455e-02 -8.98008272e-02]]
sequential/simple_rnn/bias:0
(80,)
[-1.4486979e-02  2.0200352e-03 -1.8888714e-02  2.2487290e-02
 -8.3597731e-03 -9.7370008e-03  4.1534998e-03 -3.1817916e-03
 -1.1201216e-02  1.2469542e-02 -2.7646776e-04 -8.1865573e-03
  9.0421475e-03  1.1102276e-02 -1.2170740e-02 -2.6569657e-02
  6.1896793e-03 -5.7942765e-03 -3.3923576e-03 -1.4616782e-02
 -2.1193570e-02  4.5399717e-03  3.4806633e-04 -1.1232794e-03
 -5.7353883e-04  5.6593455e-03 -2.3347884e-02 -7.8207562e-03
  1.6752409e-02  7.0693828e-03 -1.2820904e-02 -2.8907007e-03
  5.1672189e-03  1.8553004e-02  1.7153505e-02  6.4912951e-05
  1.4320628e-03 -7.9836203e-03  3.3796702e-03 -2.9498709e-03
 -1.1828744e-02  2.3441098e-03  1.3920635e-02 -1.2006636e-02
 -4.0727560e-03  2.2906424e-02  1.1258091e-02 -6.2054498e-03
  4.5477706e-03 -3.3343215e-03  1.4713920e-02 -6.9727367e-03
  2.0536264e-02  1.1872501e-02 -1.4033597e-02  2.6167771e-02
  1.8785112e-02 -1.7488573e-02  2.9371746e-04  4.6002185e-03
  1.5783802e-02 -5.6793313e-03 -1.2772547e-02  4.4845077e-03
 -1.2346197e-02 -1.8571084e-02  1.4723806e-03 -1.2663344e-02
  5.8983718e-03  6.2353602e-03 -9.0222070e-03 -1.1028941e-02
 -1.7021358e-02  2.6576458e-03 -7.7018160e-03  1.3518571e-02
  1.0297246e-02  6.6764141e-03  1.8295525e-02  7.0418948e-03]
sequential/simple_rnn_1/kernel:0
(80, 100)
[[-0.10774384 -0.01884973 -0.02405278 ...  0.1529691   0.06236896
   0.11884233]
 [ 0.00490539  0.04455096  0.00612873 ... -0.02281017 -0.09404389
   0.06565924]
 [-0.12445369  0.0647813  -0.08110169 ...  0.12131285 -0.0753918
   0.11412509]
 ...
 [ 0.04415374 -0.00636432 -0.06060906 ...  0.04217796  0.15337059
  -0.14213318]
 [ 0.05665641 -0.11201962  0.03271592 ...  0.0132329   0.16814417
  -0.13311748]
 [ 0.10369729 -0.12325078 -0.12986559 ...  0.0977619   0.11943123
  -0.17987467]]
sequential/simple_rnn_1/recurrent_kernel:0
(100, 100)
[[-0.1288701  -0.08559465  0.08673685 ... -0.04116136 -0.20380388
  -0.06863668]
 [-0.02490195 -0.01639163 -0.02650302 ...  0.11412553 -0.02086451
  -0.12479918]
 [ 0.06758051  0.06252825 -0.00346855 ... -0.08175433 -0.07561605
  -0.05336   ]
 ...
 [ 0.10663076 -0.04967604  0.02684388 ...  0.05576076 -0.01833951
  -0.02330842]
 [ 0.11583982  0.05602809  0.04482336 ...  0.09340654 -0.03586365
  -0.07426345]
 [-0.04739828 -0.12802096  0.0995793  ... -0.00861439 -0.1094332
  -0.00801895]]
sequential/simple_rnn_1/bias:0
(100,)
[-3.59092443e-03  1.18250428e-02 -5.32629900e-03  7.47533608e-03
 -3.01748514e-04  8.83987872e-04 -1.31432749e-02  4.88000922e-03
 -6.02084491e-03 -1.04063638e-02 -5.70516661e-03 -3.78154381e-03
  1.98004600e-02  1.16865812e-02  7.86574674e-04 -3.73888295e-03
  5.72683569e-03 -6.73931697e-03 -1.87213384e-02 -2.37071261e-04
 -3.24640831e-04 -4.19902522e-03 -5.24311233e-03 -3.92773282e-03
 -5.86363894e-05  5.25244791e-03  8.66103545e-03  4.88159992e-03
  9.74890962e-03 -1.92693755e-04  2.51320284e-03  1.49130104e-02
  1.40501652e-03  4.21940209e-03 -9.09367576e-04  4.24011797e-03
 -7.34642148e-03  8.55330564e-03  1.07847191e-02  8.28412082e-03
  8.24141875e-03  7.24726031e-03  2.31432103e-04 -5.65122068e-03
 -6.17524050e-03 -2.85518798e-03  9.89762042e-03  8.33058381e-04
  3.51417437e-03 -9.12348391e-04  6.08017994e-03  8.23498331e-03
 -6.66075200e-03  9.64411534e-03  4.09992598e-03 -1.83843952e-02
 -4.11636056e-03  4.30802489e-03 -1.25970645e-03  3.38571356e-03
  4.00448870e-03 -1.88915955e-03  4.66564810e-03 -6.56463299e-03
 -1.11644145e-03  4.80159069e-04  4.74397698e-03 -1.90693524e-03
  5.27539477e-03 -2.81489687e-03  4.49020229e-03 -2.16799366e-04
 -9.20882728e-03  6.79850020e-03  4.22887364e-03  1.18811820e-02
 -1.28743495e-03  8.43736343e-03 -4.82117670e-04  6.45487278e-04
  7.20631750e-03 -3.34230135e-03  1.05565311e-02  3.65148718e-03
 -5.26517909e-03 -3.97669803e-03  1.25243911e-03  3.03409575e-03
 -1.47484895e-02  3.67547781e-03 -2.02672835e-03  6.11188170e-03
  8.14503001e-05 -5.20069897e-03 -4.37557604e-03 -2.84218579e-03
 -6.83489954e-04 -8.78782477e-04 -1.13741793e-02  5.70250908e-03]
sequential/dense/kernel:0
(100, 1)
[[-0.15942612]
 [ 0.09796184]
 [-0.10938205]
 [-0.02891023]
 [-0.09198208]
 [-0.02030103]
 [-0.12349746]
 [-0.20346338]
 [-0.07507511]
 [-0.09457539]
 [-0.13279134]
 [ 0.05306302]
 [ 0.07752199]
 [-0.07426026]
 [ 0.00309777]
 [-0.09061371]
 [ 0.11821546]
 [-0.17642215]
 [-0.12692088]
 [-0.17094639]
 [ 0.13110405]
 [-0.1314945 ]
 [-0.12134635]
 [ 0.1653847 ]
 [ 0.06346966]
 [ 0.13721418]
 [ 0.17584014]
 [-0.15272121]
 [ 0.13518377]
 [ 0.16270788]
 [-0.16120502]
 [ 0.12781543]
 [ 0.03408267]
 [ 0.15144327]
 [ 0.18050851]
 [ 0.0858697 ]
 [-0.1348493 ]
 [ 0.04193108]
 [ 0.11958442]
 [ 0.16952755]
 [ 0.10480222]
 [ 0.18829502]
 [-0.14779186]
 [-0.05955092]
 [-0.15598634]
 [-0.17913401]
 [ 0.07190262]
 [-0.0286601 ]
 [ 0.07274808]
 [-0.1272778 ]
 [ 0.15911105]
 [ 0.07212657]
 [-0.1587659 ]
 [ 0.07597916]
 [ 0.16910519]
 [-0.03772083]
 [-0.15075973]
 [-0.02218153]
 [-0.02245791]
 [ 0.12686595]
 [ 0.04009218]
 [-0.01512813]
 [-0.00764417]
 [-0.11481314]
 [-0.12544876]
 [ 0.13370772]
 [-0.08321027]
 [-0.16802934]
 [ 0.01094214]
 [-0.1355851 ]
 [ 0.07969088]
 [-0.17084628]
 [-0.18035385]
 [ 0.0872367 ]
 [ 0.04142993]
 [ 0.13727252]
 [-0.09398474]
 [ 0.20342503]
 [-0.0413979 ]
 [ 0.16910112]
 [ 0.07761406]
 [-0.07381643]
 [ 0.08991776]
 [ 0.05354438]
 [-0.11851297]
 [-0.17410386]
 [-0.17359444]
 [-0.05645942]
 [-0.09239858]
 [ 0.14598602]
 [ 0.01203351]
 [ 0.17637143]
 [ 0.16282825]
 [-0.18849923]
 [-0.19599378]
 [-0.0541889 ]
 [ 0.01532732]
 [-0.02576583]
 [-0.07747971]
 [ 0.15005906]]
sequential/dense/bias:0
(1,)
[0.06542704]
